Legend
======
Order:       curve order
Px,Py,Pz:    coordinates of point P on the centerline
Tx,Ty,Tz:    coordinates of the direction of the Tangent vector to point P
Nx,Ny,Nz:    coordinates of the direction of the Normal vector to point P
BNx,BNy,BNz: coordinates of the direction of the Binormal vector to point P
Dfit:        diameter of the best fit circle in point P
Dmin:        diameter of the inscribing circle in point P
Dmax:        diameter of the subscribing circle in point P
C:           curvature in point P
Dh:          hydraulic diameter in point P
Xh:          hydraulic ratio in point P
Scf:         distance of circumference in point P
Area:        sectional area in point P
E:           ellipticity in point P


Order: Cubic

[Main Branch Set] Branch Segment 1:


        Px         Py         Pz         Tx         Ty         Tz         Nx         Ny         Nz        BNx        BNy        BNz
   12.6579  -199.7824  1751.5190     0.5939    -0.6676     0.4490    -0.6950    -0.7068    -0.1319     0.4054    -0.2337    -0.8838
   13.0847  -200.3508  1751.8602     0.4866    -0.7721     0.4088    -0.6821    -0.6281    -0.3744     0.5459    -0.0967    -0.8323
   13.4190  -200.9894  1752.1491     0.3714    -0.8690     0.3270    -0.6599    -0.4948    -0.5655     0.6532    -0.0058    -0.7572
   13.6579  -201.6880  1752.3556     0.2505    -0.9464     0.2041    -0.6149    -0.3184    -0.7215     0.7477     0.0552    -0.6617
   13.8043  -202.4317  1752.4544     0.1336    -0.9898     0.0505    -0.5595    -0.1174    -0.8205     0.8180     0.0814    -0.5695
   13.8668  -203.2030  1752.4297     0.0314    -0.9931    -0.1133    -0.4888     0.0836    -0.8684     0.8719     0.0827    -0.4827
   13.8585  -203.9845  1752.2770    -0.0473    -0.9631    -0.2649    -0.4072     0.2607    -0.8753     0.9121     0.0665    -0.4045
   13.7956  -204.7617  1752.0043    -0.1005    -0.9159    -0.3886    -0.3279     0.3992    -0.8562     0.9394     0.0413    -0.3404
   13.6944  -205.5245  1751.6303    -0.1328    -0.8676    -0.4792    -0.2604     0.4970    -0.8277     0.9563     0.0149    -0.2919
   13.5691  -206.2684  1751.1813    -0.1509    -0.8290    -0.5385    -0.2324     0.5592    -0.7958     0.9609     0.0050    -0.2770
   13.4296  -206.9936  1750.6864    -0.1624    -0.8050    -0.5706    -0.3678     0.5860    -0.7220     0.9156     0.0926    -0.3913
   13.2803  -207.7042  1750.1733    -0.1739    -0.7957    -0.5802    -0.9818     0.1860     0.0392     0.0767     0.5764    -0.8136
   13.1200  -208.4059  1749.6642    -0.1911    -0.7975    -0.5722    -0.7936    -0.2175     0.5682    -0.5777     0.5627    -0.5913
   12.9426  -209.1038  1749.1732    -0.2177    -0.8042    -0.5531    -0.7940    -0.1837     0.5796    -0.5677     0.5653    -0.5985
   12.7393  -209.8008  1748.7052    -0.2548    -0.8084    -0.5306    -0.8881    -0.0214     0.4592    -0.3826     0.5882    -0.7125
   12.5005  -210.4955  1748.2568    -0.3013    -0.8039    -0.5127    -0.9472     0.1903     0.2582    -0.1100     0.5634    -0.8188
   12.2183  -211.1824  1747.8186    -0.3538    -0.7868    -0.5058    -0.9127     0.4087     0.0026     0.2047     0.4626    -0.8626
   11.8880  -211.8517  1747.3782    -0.4083    -0.7553    -0.5127    -0.7967     0.5690    -0.2038     0.4456     0.3253    -0.8340
   11.5088  -212.4915  1746.9233    -0.4607    -0.7100    -0.5325    -0.6567     0.6763    -0.3336     0.5971     0.1960    -0.7779
   11.0841  -213.0892  1746.4447    -0.5081    -0.6532    -0.5614    -0.5350     0.7502    -0.3886     0.6750     0.1029    -0.7306
   10.6202  -213.6341  1745.9379    -0.5484    -0.5882    -0.5944    -0.4324     0.8078    -0.4006     0.7158     0.0373    -0.6973
   10.1254  -214.1191  1745.4037    -0.5814    -0.5200    -0.6258    -0.3714     0.8539    -0.3646     0.7239     0.0204    -0.6896
    9.6075  -214.5426  1744.8477    -0.6081    -0.4543    -0.6510    -0.3399     0.8901    -0.3037     0.7174     0.0366    -0.6957
    9.0732  -214.9090  1744.2785    -0.6302    -0.3971    -0.6672    -0.3617     0.9105    -0.2002     0.6870     0.1152    -0.7175
    8.5269  -215.2282  1743.7057    -0.6495    -0.3535    -0.6732    -0.4572     0.8890    -0.0256     0.6075     0.2912    -0.7390
    7.9709  -215.5144  1743.1379    -0.6667    -0.3272    -0.6697    -0.6553     0.6855     0.3175     0.3552     0.6505    -0.6714
    7.4055  -215.7841  1742.5807    -0.6816    -0.3192    -0.6584    -0.6797    -0.0569     0.7313    -0.2709     0.9460    -0.1782
    6.8305  -216.0536  1742.0364    -0.6925    -0.3277    -0.6428    -0.3340    -0.6441     0.6882    -0.6395     0.6912     0.3366
    6.2462  -216.3367  1741.5032    -0.6973    -0.3476    -0.6268    -0.0519    -0.8477     0.5279    -0.7149     0.4007     0.5731
    5.6543  -216.6426  1740.9764    -0.6951    -0.3729    -0.6146     0.2057    -0.9224     0.3270    -0.6888     0.1009     0.7179
    5.0584  -216.9750  1740.4493    -0.6860    -0.3973    -0.6095     0.4845    -0.8745     0.0248    -0.5429    -0.2783     0.7924
    4.4640  -217.3315  1739.9146    -0.6712    -0.4157    -0.6137     0.7114    -0.5938    -0.3758    -0.2082    -0.6889     0.6944
    3.8775  -217.7045  1739.3657    -0.6527    -0.4248    -0.6273     0.7316    -0.1383    -0.6675     0.1968    -0.8947     0.4010
    3.3054  -218.0827  1738.7978    -0.6321    -0.4227    -0.6495     0.6166     0.2334    -0.7519     0.4694    -0.8757     0.1131
    2.7527  -218.4532  1738.2081    -0.6113    -0.4087    -0.6777     0.4891     0.4782    -0.7295     0.6222    -0.7774    -0.0924
    2.2219  -218.8037  1737.5962    -0.5916    -0.3838    -0.7090     0.3973     0.6264    -0.6706     0.7015    -0.6784    -0.2181
    1.7129  -219.1248  1736.9632    -0.5743    -0.3501    -0.7400     0.3128     0.7415    -0.5936     0.7565    -0.5724    -0.3163
    1.2228  -219.4111  1736.3116    -0.5605    -0.3121    -0.7670     0.2495     0.8196    -0.5158     0.7897    -0.4805    -0.3815
    0.7465  -219.6628  1735.6442    -0.5507    -0.2753    -0.7880     0.1979     0.8741    -0.4437     0.8109    -0.4003    -0.4268
    0.2787  -219.8846  1734.9640    -0.5444    -0.2453    -0.8022     0.1649     0.9063    -0.3891     0.8225    -0.3441    -0.4529
   -0.1855  -220.0858  1734.2736    -0.5405    -0.2269    -0.8102     0.2324     0.8852    -0.4030     0.8086    -0.4061    -0.4257
   -0.6490  -220.2778  1733.5749    -0.5371    -0.2218    -0.8138     0.8040    -0.4263    -0.4145    -0.2550    -0.8770     0.4073
   -1.1121  -220.4725  1732.8697    -0.5321    -0.2300    -0.8149     0.4138    -0.9103    -0.0133    -0.7387    -0.3443     0.5795
   -1.5725  -220.6806  1732.1592    -0.5233    -0.2488    -0.8150     0.4274    -0.9041     0.0016    -0.7372    -0.3474     0.5795
   -2.0257  -220.9095  1731.4446    -0.5098    -0.2740    -0.8155     0.5151    -0.8564    -0.0343    -0.6890    -0.4376     0.5777
   -2.4664  -221.1623  1730.7266    -0.4916    -0.3008    -0.8172     0.5995    -0.7975    -0.0671    -0.6316    -0.5229     0.5724
   -2.8899  -221.4380  1730.0062    -0.4705    -0.3249    -0.8204     0.7089    -0.6928    -0.1322    -0.5254    -0.6437     0.5563
   -3.2934  -221.7315  1729.2839    -0.4488    -0.3423    -0.8255     0.8263    -0.5107    -0.2375    -0.3402    -0.7887     0.5120
   -3.6769  -222.0350  1728.5597    -0.4295    -0.3507    -0.8322     0.9026    -0.1963    -0.3832    -0.0289    -0.9157     0.4009
   -4.0435  -222.3398  1727.8337    -0.4158    -0.3495    -0.8397     0.7208     0.4364    -0.5385     0.5546    -0.8291     0.0705
   -4.3991  -222.6376  1727.1058    -0.4096    -0.3393    -0.8468     0.1272     0.8980    -0.4213     0.9034    -0.2803    -0.3247
   -4.7514  -222.9226  1726.3757    -0.4117    -0.3234    -0.8520    -0.3234     0.9259    -0.1952     0.8520     0.1952    -0.4858
   -5.1083  -223.1924  1725.6439    -0.4217    -0.3056    -0.8536    -0.6123     0.7904     0.0195     0.6688     0.5309    -0.5205
   -5.4772  -223.4481  1724.9113    -0.4377    -0.2905    -0.8509    -0.8023     0.5533     0.2238     0.4058     0.7807    -0.4752
   -5.8629  -223.6946  1724.1799    -0.4567    -0.2823    -0.8437    -0.8892     0.1756     0.4225     0.0289     0.9431    -0.3312
   -6.2677  -223.9393  1723.4525    -0.4762    -0.2834    -0.8324    -0.7956    -0.2643     0.5451    -0.3745     0.9219    -0.0997
   -6.6909  -224.1907  1722.7325    -0.4938    -0.2947    -0.8181    -0.5859    -0.5825     0.5634    -0.6426     0.7576     0.1150
   -7.1296  -224.4569  1722.0234    -0.5078    -0.3149    -0.8018    -0.3694    -0.7613     0.5329    -0.7782     0.5668     0.2703
   -7.5792  -224.7442  1721.3282    -0.5175    -0.3415    -0.7846    -0.2161    -0.8351     0.5059    -0.8280     0.4313     0.3583
   -8.0349  -225.0558  1720.6487    -0.5228    -0.3704    -0.7678    -0.0969    -0.8690     0.4852    -0.8469     0.3280     0.4184
   -8.4923  -225.3914  1719.9850    -0.5243    -0.3977    -0.7529     0.0059    -0.8859     0.4638    -0.8515     0.2387     0.4669
   -8.9482  -225.7475  1719.3351    -0.5234    -0.4196    -0.7416     0.0826    -0.8913     0.4459    -0.8481     0.1721     0.5011
   -9.4010  -226.1178  1718.6952    -0.5210    -0.4331    -0.7355     0.3078    -0.8990     0.3114    -0.7961    -0.0642     0.6017
   -9.8499  -226.4945  1718.0601    -0.5180    -0.4370    -0.7353     0.6954     0.2854    -0.6595     0.4980    -0.8530     0.1561
  -10.2952  -226.8697  1717.4239    -0.5144    -0.4317    -0.7410     0.3278     0.6995    -0.6350     0.7925    -0.5695    -0.2183
  -10.7368  -227.2369  1716.7806    -0.5097    -0.4188    -0.7515     0.2314     0.7746    -0.5886     0.8286    -0.4739    -0.2979
  -11.1747  -227.5914  1716.1258    -0.5037    -0.4015    -0.7649     0.2936     0.7532    -0.5887     0.8124    -0.5211    -0.2615
  -11.6079  -227.9314  1715.4565    -0.4956    -0.3832    -0.7794     0.3599     0.7262    -0.5858     0.7905    -0.5708    -0.2220
  -12.0351  -228.2575  1714.7721    -0.4860    -0.3669    -0.7933     0.4671     0.6581    -0.5905     0.7387    -0.6575    -0.1484
  -12.4549  -228.5723  1714.0738    -0.4751    -0.3548    -0.8052     0.6197     0.5147    -0.5925     0.6247    -0.7805    -0.0247
  -12.8661  -228.8795  1713.3646    -0.4645    -0.3477    -0.8144     0.7376     0.3569    -0.5731     0.4900    -0.8670     0.0907
  -13.2688  -229.1825  1712.6485    -0.4555    -0.3450    -0.8207     0.8564     0.0818    -0.5097     0.2429    -0.9350     0.2582
  -13.6641  -229.4839  1711.9292    -0.4493    -0.3446    -0.8242     0.8782    -0.0013    -0.4782     0.1637    -0.9388     0.3032
  -14.0544  -229.7841  1711.2100    -0.4468    -0.3441    -0.8258     0.4899     0.6782    -0.5477     0.7485    -0.6493    -0.1345
  -14.4428  -230.0819  1710.4925    -0.4482    -0.3409    -0.8263    -0.5470     0.8357    -0.0481     0.7070     0.4305    -0.5611
  -14.8327  -230.3741  1709.7766    -0.4525    -0.3330    -0.8272    -0.4303     0.8940    -0.1246     0.7811     0.2996    -0.5479
  -15.2261  -230.6565  1709.0608    -0.4581    -0.3194    -0.8295    -0.3353     0.9264    -0.1716     0.8233     0.1995    -0.5314
  -15.6240  -230.9246  1708.3425    -0.4627    -0.3006    -0.8340    -0.1460     0.9537    -0.2628     0.8744     0.0001    -0.4852
  -16.0250  -231.1751  1707.6184    -0.4640    -0.2782    -0.8410     0.0239     0.9451    -0.3259     0.8855    -0.1713    -0.4319
  -16.4259  -231.4059  1706.8857    -0.4602    -0.2546    -0.8505     0.2637     0.8756    -0.4047     0.8478    -0.4105    -0.3358
  -16.8219  -231.6173  1706.1425    -0.4514    -0.2330    -0.8614     0.4256     0.7923    -0.4373     0.7843    -0.5640    -0.2584
  -17.2081  -231.8117  1705.3882    -0.4352    -0.2147    -0.8744     0.6979     0.5331    -0.4783     0.5688    -0.8183    -0.0821
  -17.7062  -232.0548  1704.3494    -0.4145    -0.2015    -0.8875     0.8357     0.3017    -0.4589     0.3602    -0.9319     0.0433
  -17.9354  -232.1668  1703.8508    -0.4026    -0.1984    -0.8936     0.8808     0.1816    -0.4372     0.2490    -0.9631     0.1016
  -18.2741  -232.3372  1703.0725    -0.3822    -0.1966    -0.9029     0.9191    -0.1817    -0.3495    -0.0953    -0.9635     0.2502
  -18.5988  -232.5080  1702.2918    -0.3711    -0.1995    -0.9069     0.9027    -0.3066    -0.3019    -0.2178    -0.9307     0.2939
  -18.9147  -232.6808  1701.5112    -0.3651    -0.2024    -0.9087     0.6670    -0.7378    -0.1037    -0.6495    -0.6439     0.4044
  -19.2278  -232.8547  1700.7323    -0.3665    -0.2026    -0.9081    -0.8945     0.3454     0.2839     0.2561     0.9163    -0.3078
  -19.5443  -233.0264  1699.9555    -0.3737    -0.1973    -0.9063    -0.7271     0.6690     0.1541     0.5760     0.7166    -0.3934
  -19.8687  -233.1904  1699.1801    -0.3842    -0.1844    -0.9046    -0.5601     0.8255     0.0696     0.7339     0.5334    -0.4205
  -20.2030  -233.3401  1698.4043    -0.3947    -0.1631    -0.9042    -0.3469     0.9377    -0.0178     0.8508     0.3066    -0.4267
  -20.5459  -233.4684  1697.6257    -0.4014    -0.1339    -0.9061    -0.1124     0.9890    -0.0963     0.9090     0.0632    -0.4120
  -20.8929  -233.5690  1696.8417    -0.4012    -0.0982    -0.9107     0.1029     0.9831    -0.1514     0.9102    -0.1545    -0.3844
  -21.2373  -233.6370  1696.0503    -0.3928    -0.0584    -0.9178     0.2925     0.9382    -0.1849     0.8718    -0.3411    -0.3515
  -21.5714  -233.6697  1695.2499    -0.3755    -0.0169    -0.9267     0.4552     0.8676    -0.2003     0.8073    -0.4970    -0.3181
  -21.8874  -233.6665  1694.4399    -0.3502     0.0240    -0.9364     0.5709     0.7980    -0.1931     0.7426    -0.6022    -0.2932
  -22.1793  -233.6288  1693.6205    -0.3196     0.0619    -0.9455     0.6628     0.7277    -0.1764     0.6772    -0.6831    -0.2736
  -22.4435  -233.5600  1692.7928    -0.2864     0.0951    -0.9534     0.7310     0.6649    -0.1533     0.6193    -0.7408    -0.2600
  -22.6788  -233.4645  1691.9584    -0.2534     0.1228    -0.9595     0.7876     0.6022    -0.1309     0.5617    -0.7889    -0.2493
  -22.8863  -233.3475  1691.1191    -0.2229     0.1443    -0.9641     0.8379     0.5338    -0.1139     0.4982    -0.8332    -0.2399
  -23.0688  -233.2145  1690.2765    -0.1960     0.1598    -0.9675     0.8867     0.4502    -0.1053     0.4188    -0.8785    -0.2299
  -23.2290  -233.0706  1689.4320    -0.1720     0.1694    -0.9704     0.9547     0.2713    -0.1219     0.2427    -0.9475    -0.2084
  -23.3690  -232.9210  1688.5863    -0.1499     0.1737    -0.9733     0.9856     0.1038    -0.1333     0.0779    -0.9793    -0.1868
  -23.4896  -232.7699  1687.7398    -0.1276     0.1734    -0.9765     0.9808    -0.1246    -0.1503    -0.1477    -0.9769    -0.1542
  -23.5899  -232.6213  1686.8920    -0.1036     0.1691    -0.9801     0.9649    -0.2220    -0.1402    -0.2413    -0.9603    -0.1402
  -23.6681  -232.4779  1686.0426    -0.0766     0.1621    -0.9838     0.9547    -0.2727    -0.1192    -0.2876    -0.9484    -0.1338
  -23.7216  -232.3415  1685.1909    -0.0470     0.1535    -0.9870     0.9552    -0.2822    -0.0894    -0.2923    -0.9470    -0.1333
  -23.7490  -232.2124  1684.3366    -0.0162     0.1456    -0.9892     0.9755    -0.2147    -0.0476    -0.2194    -0.9658    -0.1385
  -23.7500  -232.0888  1683.4800     0.0134     0.1407    -0.9900     0.9953    -0.0973    -0.0004    -0.0964    -0.9853    -0.1414
  -23.7268  -231.9670  1682.6220     0.0394     0.1414    -0.9892     0.9843     0.1647     0.0628     0.1718    -0.9762    -0.1327
  -23.6831  -231.8412  1681.7648     0.0603     0.1503    -0.9868     0.7806     0.6091     0.1405     0.6222    -0.7787    -0.0806
  -23.6240  -231.7035  1680.9115     0.0752     0.1693    -0.9827     0.4416     0.8779     0.1851     0.8941    -0.4479    -0.0087
  -23.5546  -231.5453  1680.0661     0.0848     0.1993    -0.9763     0.1858     0.9594     0.2120     0.9789    -0.1994     0.0443
  -23.4789  -231.3574  1679.2330     0.0919     0.2409    -0.9662     0.1467     0.9564     0.2524     0.9849    -0.1649     0.0525
  -23.3978  -231.1320  1678.4168     0.0986     0.2895    -0.9521     0.1203     0.9463     0.3002     0.9878    -0.1441     0.0585
  -23.3093  -230.8632  1677.6214     0.1140     0.3511    -0.9294     0.2919     0.8824     0.3691     0.9496    -0.3134    -0.0019
  -23.1637  -230.4177  1676.5793     0.1371     0.4154    -0.8993     0.4247     0.7955     0.4322     0.8949    -0.4411    -0.0674
  -23.0858  -230.1882  1676.1034     0.1575     0.4473    -0.8804     0.5092     0.7271     0.4605     0.8461    -0.5209    -0.1132
  -22.9336  -229.7878  1675.3815     0.2034     0.4991    -0.8423     0.7140     0.5131     0.4764     0.6700    -0.6983    -0.2520
  -22.7431  -229.3546  1674.6820     0.2495     0.5257    -0.8132     0.7946     0.3689     0.4823     0.5535    -0.7665    -0.3257
  -22.5084  -228.8984  1674.0013     0.3009     0.5418    -0.7848     0.8871     0.1430     0.4389     0.3500    -0.8282    -0.4376
  -22.2275  -228.4292  1673.3352     0.3502     0.5453    -0.7616     0.9152    -0.0259     0.4023     0.1997    -0.8379    -0.5081
  -21.9028  -227.9555  1672.6797     0.3934     0.5407    -0.7436     0.9177    -0.1827     0.3526     0.0548    -0.8211    -0.5681
  -21.5412  -227.4834  1672.0318     0.4272     0.5329    -0.7304     0.9040    -0.2380     0.3551     0.0155    -0.8120    -0.5835
  -21.1525  -227.0150  1671.3909     0.4503     0.5277    -0.7202     0.8820    -0.1376     0.4507     0.1388    -0.8382    -0.5274
  -20.7481  -226.5483  1670.7583     0.4630     0.5296    -0.7107     0.5584     0.4484     0.6979     0.6883    -0.7200    -0.0882
  -20.3384  -226.0777  1670.1380     0.4669     0.5421    -0.6987    -0.0159     0.7951     0.6063     0.8842    -0.2720     0.3798
  -19.9320  -225.5951  1669.5359     0.4643     0.5666    -0.6807    -0.1280     0.8035     0.5814     0.8764    -0.1828     0.4456
  -19.5335  -225.0913  1668.9590     0.4583     0.6020    -0.6539    -0.1413     0.7756     0.6152     0.8775    -0.1896     0.4405
  -19.1440  -224.5578  1668.4142     0.4515     0.6448    -0.6167    -0.1016     0.7238     0.6824     0.8864    -0.2455     0.3924
  -18.7610  -223.9884  1667.9071     0.4464     0.6894    -0.5705    -0.0586     0.6587     0.7501     0.8929    -0.3014     0.3345
  -18.3802  -223.3806  1667.4409     0.4443     0.7303    -0.5189    -0.0052     0.5813     0.8137     0.8959    -0.3588     0.2621
  -17.9966  -222.7354  1667.0158     0.4454     0.7638    -0.4672     0.0474     0.5009     0.8642     0.8941    -0.4071     0.1869
  -17.6066  -222.0578  1666.6291     0.4490     0.7882    -0.4208     0.0959     0.4257     0.8998     0.8884    -0.4444     0.1155
  -17.2088  -221.3552  1666.2753     0.4535     0.8044    -0.3837     0.1308     0.3658     0.9215     0.8816    -0.4680     0.0606
  -16.8047  -220.6363  1665.9472     0.4567     0.8147    -0.3574     0.0908     0.3569     0.9297     0.8850    -0.4571     0.0890
  -16.3986  -219.9094  1665.6376     0.4570     0.8214    -0.3413    -0.1131     0.4343     0.8936     0.8822    -0.3698     0.2913
  -15.9960  -219.1810  1665.3398     0.4531     0.8268    -0.3335    -0.6638     0.5626     0.4928     0.5950    -0.0019     0.8037
  -15.6029  -218.4547  1665.0495     0.4443     0.8328    -0.3303    -0.8550     0.5043     0.1214     0.2677     0.2284     0.9360
  -15.2236  -217.7309  1664.7646     0.4319     0.8403    -0.3278    -0.8339     0.5104     0.2098     0.3436     0.1828     0.9212
  -14.8598  -217.0075  1664.4861     0.4176     0.8497    -0.3218    -0.7386     0.5238     0.4244     0.5292     0.0605     0.8464
  -14.5103  -216.2802  1664.2170     0.4047     0.8604    -0.3097    -0.4970     0.4912     0.7153     0.7676    -0.1356     0.6264
  -14.1702  -215.5444  1663.9616     0.3965     0.8710    -0.2901    -0.2113     0.3941     0.8944     0.8934    -0.2934     0.3403
  -13.8329  -214.7967  1663.7246     0.3949     0.8800    -0.2641     0.0746     0.2558     0.9638     0.9157    -0.4003     0.0353
  -13.4905  -214.0354  1663.5098     0.4008     0.8858    -0.2338     0.2876     0.1206     0.9501     0.8698    -0.4481    -0.2065
  -13.1358  -213.2619  1663.3200     0.4139     0.8877    -0.2017     0.4570    -0.0111     0.8894     0.7873    -0.4603    -0.4103
  -12.7631  -212.4803  1663.1563     0.4326     0.8854    -0.1701     0.5530    -0.1116     0.8256     0.7121    -0.4512    -0.5379
  -12.3695  -211.6967  1663.0188     0.4547     0.8795    -0.1400     0.6174    -0.1980     0.7613     0.6419    -0.4327    -0.6331
  -11.9548  -210.9187  1662.9072     0.4786     0.8709    -0.1112     0.6250    -0.2490     0.7399     0.6167    -0.4236    -0.6635
  -11.5210  -210.1532  1662.8218     0.5027     0.8606    -0.0817     0.5968    -0.2772     0.7530     0.6254    -0.4273    -0.6529
  -11.0712  -209.4056  1662.7642     0.5257     0.8492    -0.0492     0.5146    -0.2714     0.8134     0.6774    -0.4529    -0.5797
  -10.6092  -208.6788  1662.7376     0.5462     0.8376    -0.0113     0.4036    -0.2513     0.8797     0.7340    -0.4850    -0.4754
  -10.1379  -207.9723  1662.7466     0.5628     0.8259     0.0339     0.2745    -0.2254     0.9348     0.7797    -0.5169    -0.3535
   -9.6593  -207.2828  1662.7965     0.5746     0.8139     0.0859     0.1580    -0.2132     0.9641     0.8031    -0.5404    -0.2511
   -9.1743  -206.6049  1662.8919     0.5804     0.8019     0.1418     0.0444    -0.2050     0.9778     0.8131    -0.5612    -0.1546
   -8.6835  -205.9321  1663.0353     0.5801     0.7904     0.1970    -0.0554    -0.2030     0.9776     0.8126    -0.5780    -0.0740
   -8.1877  -205.2584  1663.2262     0.5747     0.7804     0.2464    -0.1639    -0.1853     0.9689     0.8018    -0.5973     0.0214
   -7.6888  -204.5792  1663.4600     0.5657     0.7734     0.2862    -0.2865    -0.1412     0.9476     0.7733    -0.6180     0.1417
   -7.1901  -203.8923  1663.7285     0.5543     0.7704     0.3149    -0.4692    -0.0233     0.8828     0.6875    -0.6371     0.3485
   -6.6965  -203.1982  1664.0209     0.5419     0.7718     0.3327    -0.6948     0.1885     0.6941     0.4730    -0.6073     0.6384
   -6.2133  -202.4997  1664.3256     0.5291     0.7769     0.3412    -0.8460     0.4518     0.2831     0.0658    -0.4385     0.8963
   -5.7456  -201.8013  1664.6321     0.5165     0.7845     0.3432    -0.8309     0.5560    -0.0206    -0.2070    -0.2745     0.9390
   -5.2967  -201.1080  1664.9336     0.5048     0.7924     0.3425    -0.8261     0.5586    -0.0747    -0.2505    -0.2452     0.9365
   -4.8670  -200.4243  1665.2283     0.4954     0.7977     0.3440    -0.8436     0.3472     0.4096     0.2073    -0.4931     0.8449
   -4.4536  -199.7535  1665.5203     0.4891     0.7978     0.3526    -0.3226    -0.2102     0.9229     0.8104    -0.5651     0.1546
   -4.0510  -199.0971  1665.8189     0.4865     0.7901     0.3727    -0.0169    -0.4181     0.9083     0.8735    -0.4482    -0.1901
   -3.6518  -198.4550  1666.1371     0.4870     0.7740     0.4048     0.0306    -0.4782     0.8777     0.8729    -0.4151    -0.2566
   -3.2492  -197.8257  1666.4889     0.4878     0.7482     0.4497     0.0000    -0.5152     0.8571     0.8730    -0.4181    -0.2513
   -2.8722  -197.2575  1666.8545     0.4860     0.7211     0.4937    -0.0720    -0.5300     0.8449     0.8710    -0.4462    -0.2057
   -2.4220  -196.5996  1667.3383     0.4779     0.6885     0.5455    -0.1855    -0.5278     0.8288     0.8586    -0.4973    -0.1245
   -2.0036  -196.0011  1667.8457     0.4616     0.6590     0.5938    -0.3798    -0.4581     0.8037     0.8016    -0.5965     0.0389
   -1.5954  -195.4133  1668.4041     0.4361     0.6369     0.6357    -0.5650    -0.3561     0.7443     0.7005    -0.6837     0.2046
   -1.2122  -194.8384  1669.0031     0.4002     0.6216     0.6734    -0.7464    -0.2053     0.6331     0.5318    -0.7559     0.3818
   -0.8696  -194.2789  1669.6288     0.3537     0.6135     0.7061    -0.8595    -0.0846     0.5041     0.3690    -0.7851     0.4974
   -0.5802  -193.7369  1670.2670     0.2979     0.6106     0.7338    -0.9221    -0.0147     0.3866     0.2468    -0.7918     0.5587
   -0.3502  -193.2132  1670.9064     0.2377     0.6103     0.7557    -0.9549     0.0045     0.2968     0.1777    -0.7922     0.5839
   -0.1763  -192.7064  1671.5410     0.1823     0.6097     0.7714    -0.9679    -0.0268     0.2499     0.1730    -0.7922     0.5852
   -0.0455  -192.2130  1672.1714     0.1442     0.6062     0.7822    -0.9282    -0.1911     0.3193     0.3430    -0.7720     0.5351
    0.0648  -191.7275  1672.8047     0.1352     0.5984     0.7897     0.5420    -0.7119     0.4466     0.8294     0.3676    -0.4206
    0.1828  -191.2439  1673.4518     0.1593     0.5853     0.7950     0.9243    -0.3713     0.0882     0.3468     0.7208    -0.6001
    0.3378  -190.7570  1674.1246     0.2109     0.5665     0.7966     0.9450    -0.3266    -0.0179     0.2500     0.7566    -0.6042
    0.5544  -190.2642  1674.8309     0.2773     0.5427     0.7928     0.9335    -0.3473    -0.0888     0.2272     0.7648    -0.6029
    0.8471  -189.7673  1675.5711     0.3449     0.5164     0.7838     0.9152    -0.3703    -0.1587     0.2083     0.7721    -0.6004
    1.2160  -189.2731  1676.3347     0.4045     0.4908     0.7717     0.8900    -0.4055    -0.2087     0.2105     0.7712    -0.6008
    1.6454  -188.7944  1677.0994     0.4529     0.4680     0.7589     0.8686    -0.4236    -0.2572     0.2011     0.7756    -0.5983
    2.1048  -188.3484  1677.8320     0.4899     0.4493     0.7471     0.8477    -0.4455    -0.2880     0.2035     0.7744    -0.5991
    2.5527  -187.9557  1678.4918     0.5169     0.4346     0.7375     0.8305    -0.4636    -0.3089     0.2077     0.7721    -0.6006
    2.9430  -187.6376  1679.0357     0.5358     0.4239     0.7302     0.8202    -0.4666    -0.3310     0.2004     0.7762    -0.5977
    3.3089  -187.3551  1679.5252     0.5507     0.4154     0.7240     0.8123    -0.4662    -0.3504     0.1919     0.7811    -0.5942

